424 22 330 294 251 403 32 148 400 68 396 119 
189 433 381 426 197 451 180 492 396 23 477 420 
404 255 277 72 16 287 441 112 39 132 278 242 
243 429 434 368 457 184 4 433 43 387 247 412 
233 178 174 33 421 289 63 105 40 491 463 417 
93 132 215 287 251 282 133 425 408 172 307 467 
345 228 154 187 201 445 166 244 203 464 169 14 
51 168 328 280 499 12 32 134 119 93 176 25 
426 449 59 109 34 423 237 110 163 315 123 88 
394 270 290 281 310 493 281 230 334 411 486 126 
397 80 17 447 343 101 8 90 211 41 189 246 
246 81 16 431 114 60 68 424 102 287 65 189 
