6.403167
7.681512
6.601582
6.298060
7.036818
8.254715
5.110569
9.001659
7.877295
6.253311
6.089257
8.581397
6.675730
9.460690
6.845653
6.847361
9.113072
8.825150
8.338287
8.197712
5.684970
4.862709
8.536989
5.168788
6.541141
4.140282
7.489769
4.215467
5.614810
4.938306
4.328478
8.218064
5.853256
6.108224
5.193680
6.966830
6.532066
6.487863
4.116717
7.935112
9.959332
9.092796
9.383417
9.198511
7.009707
9.110227
7.936369
9.201136
5.849408
4.374188
9.780172
9.379698
7.370619
6.523241
6.994802
4.750999
9.799589
5.964898
7.521638
4.872042
5.016379
9.508873
8.238720
8.679644
7.175869
7.451440
6.461110
4.054144
4.513746
5.066010
9.495262
5.301814
8.226722
4.923506
7.594310
5.329531
5.514326
5.905014
4.345893
9.662188
4.787879
6.507006
5.365803
8.136591
7.977448
4.369073
9.067160
4.549955
8.831018
4.511543
4.791451
7.459822
7.230042
9.253950
5.308979
8.192444
5.290145
9.051191
4.348320
9.988912
6.588374
5.227065
5.961110
5.528193
5.210644
4.999100
9.790771
9.757705
7.805490
6.980732
9.622557
7.618205
8.272366
6.362539
7.712145
9.748775
7.258459
6.199325
8.705514
5.988754
9.112410
6.901989
7.651217
6.180229
8.274419
9.475352
5.876226
7.751495
7.051473
8.811619
7.788635
4.680131
7.640991
4.951230
5.240428
5.552398
7.343215
4.374350
9.818187
5.683933
7.489155
8.460360
7.781147
7.175477
4.434742
7.209768
4.238012
6.818185
9.454039
8.132815
6.153913
5.772974
7.284698
4.621070
7.733236
8.158718
8.026022
9.219349
7.539313
4.643119
9.104736
7.679465
8.493364
4.345179
8.958948
9.594452
8.132269
7.246747
8.066680
9.042400
4.222808
8.153973
8.925725
5.621189
6.408529
7.560855
6.821949
8.096837
4.415496
8.907484
4.593810
7.554495
7.665325
5.914212
4.059065
8.074642
7.219139
5.887091
4.837397
4.350646
9.242323
4.395836
4.185289
9.651472
7.603306
6.537502
7.446166
9.153646
4.573962
4.922804
5.956653
7.464813
8.985857
8.807913
4.550277
8.124216
5.922412
5.991857
6.819677
9.303547
4.521335
6.026523
7.604234
8.660059
5.481613
4.603522
6.814226
6.009989
7.938412
9.552066
8.592356
9.974100
9.779339
7.707632
6.053728
9.229353
8.751684
9.921686
5.614590
9.434032
9.953810
9.025518
7.837441
6.399333
5.886303
6.310989
5.044550
4.369819
9.512012
8.481226
8.638169
8.018318
6.915945
4.099814
7.406180
4.726624
7.204043
6.862590
7.043684
9.919308
6.950505
6.862885
9.091367
5.287610
6.102524
6.818038
5.806158
7.961547
8.086483
5.998280
7.908520
6.053013
8.852240
7.935040
6.114507
8.483887
7.297497
9.796078
4.486053
5.457492
6.188156
4.989336
9.147421
4.956358
4.216850
7.935907
5.712102
9.623692
9.068956
7.833454
8.482573
7.198374
4.730120
8.380085
5.498509
4.983366
4.251719
9.134479
4.979661
6.779965
6.717280
8.752048
7.158087
8.973402
7.857123
9.721795
7.127525
9.580620
6.909030
5.194522
9.121050
9.777653
4.937090
6.930980
9.110165
7.739074
4.628211
9.810445
7.404812
6.730757
8.327682
5.435680
5.647668
8.060028
5.521995
7.943654
4.045269
5.742906
9.299536
5.964913
7.165249
7.790005
8.801950
9.123587
7.064013
8.438647
4.720488
7.564031
6.622090
6.454943
9.063548
8.147720
7.795214
6.947687
9.667069
7.142006
9.025445
6.251524
6.012779
7.577300
7.821621
8.003212
7.966500
4.696577
8.288255
8.146782
9.420043
8.979998
5.891157
9.380207
7.645961
8.292234
5.526510
7.592305
7.190027
5.870459
8.317715
6.344322
8.871578
6.112101
8.806911
8.572098
5.858335
4.883368
8.633051
6.453716
6.788240
6.661012
6.559654
8.465153
8.391849
5.062712
9.933439
7.974087
9.655548
8.451294
8.433134
6.429776
6.552139
4.699528
4.057115
7.263108
7.472014
6.112786
5.151052
6.310776
5.364780
9.359513
5.588064
9.201796
6.030706
9.310647
8.038627
4.580736
7.186354
4.227648
7.343099
6.856026
5.105214
7.655494
4.307765
6.145640
7.782846
8.592745
5.993914
8.549141
4.958376
9.842331
9.746703
8.843647
4.206578
8.785360
9.226412
4.066205
6.765480
9.317308
6.347970
6.588027
4.037643
7.700034
4.216177
4.714540
9.808004
6.786853
7.096526
7.902612
9.984430
7.887646
8.747832
4.144402
6.461792
9.252251
4.722478
8.661151
9.379421
6.856019
8.925988
5.661410
5.059940
5.680025
8.373106
5.789295
6.283121
7.912810
4.564514
5.072700
8.006071
4.012819
5.704974
5.005407
7.682788
8.333187
5.459835
5.960737
9.427864
4.986412
7.101665
9.226689
6.734581
7.248937
7.212296
5.459531
5.337402
9.642397
9.084581
5.126940
6.501974
4.128888
5.266265
8.734199
5.413254
9.349760
7.378159
5.525898
7.669477
5.703579
7.317344
7.591603
8.356085
5.726616
4.878119
7.276690
8.410713
9.524407
6.801922
9.234859
8.121274
9.562287
7.239470
9.554007
4.083258
4.034991
5.610191
9.071852
9.606672
9.489266
5.583305
5.119392
5.943744
5.960764
8.789307
5.986655
7.868623
5.840064
7.700921
7.959649
9.251312
9.036636
5.402594
9.045705
4.160175
7.381504
4.946679
4.132270
6.334323
8.220209
9.764341
9.863888
9.508097
8.383008
8.225111
9.719540
6.280774
6.539032
9.721155
5.925187
9.987906
4.144236
6.464776
6.021600
9.172407
8.631626
7.210270
6.963182
6.904491
5.212993
9.602387
9.003985
4.443691
9.270538
6.213126
8.573542
6.077656
8.160307
9.739447
9.781353
4.151542
8.324947
5.214405
5.898493
6.376907
5.680353
4.171655
9.571033
7.298911
8.726634
9.981134
7.920850
4.041208
8.594178
4.881805
8.518321
4.618069
7.131732
9.867958
4.009139
4.631773
7.170610
5.820040
4.016658
7.340175
9.372876
5.505478
5.393602
5.761970
9.118086
7.865165
7.089502
9.448024
9.561300
6.309072
5.985425
4.982061
8.673370
9.898709
9.408004
4.726533
5.934351
7.710646
8.498243
6.235660
8.899878
4.187546
4.379213
7.795353
4.863021
9.016512
8.463417
7.267025
6.082587
9.906599
5.670386
5.708578
5.133374
6.290109
7.982852
8.425014
5.096753
4.080451
7.280332
6.515940
9.396561
6.419220
4.412551
4.417550
5.370359
7.923220
9.029938
8.849371
9.821566
6.204872
9.557747
6.891652
7.811134
6.291168
8.973672
7.832378
6.884481
6.482240
9.218779
7.932979
8.338711
7.197902
5.238064
5.515697
4.631146
7.751779
6.518104
9.951997
5.439218
4.757659
8.968296
6.253004
7.213246
7.610497
7.866208
6.758981
8.449378
6.451284
6.471604
7.762269
4.388552
5.668824
8.080690
6.317410
5.586273
9.701866
7.923121
9.905603
4.134197
9.523965
8.798805
7.922881
5.778634
4.991436
9.888880
4.286088
9.913893
5.987387
4.228582
7.491878
5.972318
4.777265
8.063450
5.228817
9.123659
9.930462
7.917202
5.103733
4.001407
9.345617
7.775730
5.991364
4.759806
6.258040
5.426932
6.412055
5.158586
9.229251
4.479772
9.730631
6.333791
7.190821
4.810260
5.452143
6.509632
8.006102
7.602968
5.475512
8.484065
5.017743
6.919771
7.769134
6.343732
5.875915
7.274287
9.675743
6.693575
9.214067
5.425114
6.803390
4.862789
9.255769
4.291675
4.068708
8.932341
4.635724
9.356618
6.644844
8.250015
5.538477
4.323985
5.022845
5.877872
8.561035
5.594868
5.799703
9.368343
6.325287
8.423725
4.887683
4.080970
4.998404
6.712572
4.877863
5.771959
6.329039
5.704185
7.690771
9.368330
5.672390
8.203573
9.379929
9.392582
4.836235
6.577874
6.182050
5.714592
4.145398
9.523478
9.984636
8.679518
4.477579
8.398014
4.939725
8.887284
8.424979
5.964913
6.329854
5.924329
6.157623
9.862921
5.138575
5.238850
5.527438
6.637589
5.795889
5.271561
6.286438
6.589633
6.743969
8.372363
6.550754
6.279533
4.984089
7.621798
5.314638
9.090840
6.999283
9.299492
7.338550
8.291903
7.412695
8.308498
9.691582
4.989839
9.102100
9.412521
7.514278
6.852363
7.925985
8.005197
4.530443
4.803070
6.998224
8.936954
6.269616
7.443299
6.982209
4.185489
9.637379
6.946471
7.676056
9.732340
7.671378
4.521721
7.620543
5.725055
9.461203
9.852801
5.091812
6.145680
9.679716
4.909533
6.478163
8.397072
8.371384
8.158931
7.172552
6.325625
9.190498
5.644834
9.668824
5.772859
7.469616
9.757215
8.084854
7.852434
7.206801
8.075934
9.677027
9.207176
8.347284
7.268102
4.162893
7.804619
8.918721
9.932276
4.018171
5.483168
8.260838
5.109284
6.243094
9.288304
4.862094
9.228561
8.507381
5.280118
9.179047
6.346098
4.729439
5.247654
7.498275
7.106973
4.197689
9.923458
7.396750
4.712529
6.959122
9.136737
8.132425
5.648027
5.956454
6.617229
5.442979
6.221200
5.630297
6.467922
5.965744
7.780925
4.200586
4.099274
8.610251
6.887017
9.882984
9.732079
7.369164
9.756092
5.580670
8.770515
8.070681
5.912672
9.146604
8.542273
7.016367
8.428856
7.245850
9.774608
4.395469
8.584143
8.014381
9.233685
6.446755
5.334661
8.531683
6.108916
6.701592
5.613675
7.276584
9.375315
8.713097
5.464768
7.747192
7.206230
9.364502
7.663064
9.375849
4.016045
6.127560
9.118835
4.446765
5.248532
7.444296
4.586388
8.497499
4.298536
8.511566
9.385273
4.899592
7.555046
6.233965
6.423072
6.577009
6.317835
8.622770
7.237557
9.347242
7.966429
9.631498
8.985081
4.953743
8.041676
7.739779
4.996904
8.177653
6.898234
4.718538
6.250168
5.142769
6.427384
9.208103
9.601225
7.347141
8.341092
9.307863
9.381907
4.053173
4.576252
7.607754
4.116415
7.823359
5.581656
7.875575
9.048742
7.627669
9.443812
4.719130
4.061884
9.268915
5.222568
5.077363
4.443239
9.048031
7.059637
4.532211
7.461623
9.215981
7.155060
7.549094
8.280913
5.962341
8.062346
5.666514
9.429924
9.980922
9.135982
9.321346
6.745737
9.712534
7.747983
4.580372
6.103730
9.755039
5.481605
6.508542
7.633018
7.925279
9.450274
9.159265
9.656651
5.236166
6.740033
6.094273
4.677031
8.360291
5.171620
6.355857
8.246096
9.096396
6.155923
